2418
8087
5591
1558
4744
7579
5821
4804
6376
4134
1200
4826
7882
1745
3197
7969
4882
7639
7795
5895
5954
9970
2783
6411
2755
840
6672
1502
1930
9882
603
5163
7675
6131
1174
5120
2454
1860
1339
9239
4381
1652
4295
2147
8380
2558
4790
5360
8666
5538
362
159
3961
9458
7671
6380
4096
4524
6255
4318
1714
6108
8329
748
8835
4426
5984
729
8309
4131
8935
5311
9446
646
5472
3355
5101
8298
6267
1150
8790
6585
2481
8435
8406
1190
7601
357
1197
7870
9373
1303
1186
1789
6953
4628
760
1934
7055
9509
1370
2709
1949
6330
7983
2279
4426
2806
5365
155
5515
4182
9721
83
243
4204
3663
1334
7714
1810
6335
2590
6908
8623
4732
3061
3809
2645
7072
3057
3787
2096
6227
5163
475
9921
568
6040
9395
4497
2795
9063
213
9003
5589
8070
6506
4912
6103
3704
4062
5259
3130
2503
3807
4993
6783
3736
8365
9125
1060
8115
7625
8995
1705
3654
9985
7968
247
4674
7481
2846
3002
8518
2700
2421
2505
2748
6953
616
1950
9665
1476
7811
401
7310
5933
666
3727
7537
183
7256
313
4100
6197
2425
7588
8064
7985
8553
4594
3990
8487
1283
346
559
9563
5152
3223
9729
4642
746
4451
8513
3773
6903
9407
3214
8207
4991
8727
7093
6219
7279
5395
3021
2016
3721
7376
7361
5329
5577
251
7733
579
3581
2099
4800
7221
9726
2475
9428
44
1995
1660
3136
948
1349
8660
4594
5260
8988
6526
6709
3966
4279
8380
4578
7003
4592
2656
642
9195
3790
7781
6268
7551
7898
8457
8021
3174
6397
6127
770
1516
5967
4481
8254
5158
4565
7779
5987
978
9706
6799
3018
298
5694
8715
731
4453
1829
9190
4520
98
350
8083
8662
2243
4343
9143
6365
6092
8567
7995
8040
35
1696
4832
5780
7130
5791
385
5646
4635
1161
7871
1837
6117
4497
9075
6079
671
3328
3970
3166
6956
4737
1006
8558
6456
4913
2935
6109
2507
8634
9405
922
6890
1371
9626
4784
9350
7129
3117
4096
3802
602
3620
3919
9613
8329
9061
3514
5344
4535
9056
9154
9504
7587
6250
8494
2837
1981
8346
4438
3005
1001
9041
9076
772
5605
1386
8517
4309
4694
341
4976
6138
4009
5847
1964
6462
5537
1617
2288
5616
9587
2753
9709
4447
5453
4011
467
5381
8317
4426
6933
5568
4973
5895
2785
4156
3783
8567
7918
5047
8165
2261
6063
6665
286
4206
3819
2148
1210
4724
69
4604
3661
2815
2319
9907
6157
4651
7488
9469
7816
2254
5260
6261
5302
4379
5152
758
2145
662
4971
9666
8
4984
1123
5132
979
2944
9406
4944
6561
8849
4466
4053
6806
6516
963
6416
428
896
6278
4595
9021
5954
1522
6496
2391
5176
9333
3116
1684
9603
4650
2816
5077
1141
7807
8093
2299
6119
8268
9478
4203
4272
8877
2538
5354
7674
7581
3738
8390
5879
5349
3165
5420
680
6941
2244
6623
1776
2534
4680
5342
314
9981
9989
4974
6097
1230
2210
5154
4561
9505
6066
4916
9382
3436
243
6759
7723
4139
4568
5464
1742
6337
5359
1314
2837
9333
1724
6901
6235
9352
1037
640
5291
8107
3184
4325
2133
226
2526
8645
6914
6393
596
4869
3747
6286
1640
9314
6896
635
9025
4905
254
3419
8839
9520
6461
8706
5330
7106
9641
4321
9664
9979
9961
9950
4925
1023
2254
4464
9619
4180
3685
9752
4668
4051
7487
7730
4490
2213
6353
921
6386
8129
4467
9826
1140
3978
3311
5036
1937
8172
7525
8562
9202
4493
2601
5785
111
2244
2471
4998
3643
558
6951
7547
2417
6164
2451
4091
3406
302
938
9963
4869
5123
8543
7383
6903
3365
2071
7401
4508
4149
8471
8136
8115
8076
8027
2953
3976
6231
696
315
4496
8182
7935
2603
6654
4142
1872
6363
8576
4930
5851
2238
367
4834
4661
5802
9780
3091
8127
65
8238
5763
4325
3528
8022
623
6409
6521
8765
1237
6235
9879
437
7389
4937
7354
3519
5970
62
3468
3771
4709
4673
9542
4666
3209
593
7496
862
2933
335
4843
8993
7464
5600
3716
1792
9820
2773
6750
2981
3678
3994
8490
6673
4608
7212
3866
8008
9881
6244
4821
9751
5603
7841
8209
3044
7705
3507
3287
6379
4506
4571
2810
8573
2899
6427
4449
5073
1482
8003
6769
8006
4242
4121
4559
1948
6885
4240
7759
3729
3792
7260
1032
5741
415
9958
4624
7833
8427
5923
6785
9719
54
4898
3891
1356
6957
673
2466
2286
5060
1811
4793
8471
2465
956
7630
2238
9451
3317
1326
1207
7452
2274
2026
7630
5472
3681
6725
4431
7938
1226
7605
2112
6683
9494
8067
967
7394
1844
6918
8400
6404
3173
1180
5422
9544
4104
6053
2939
7179
4939
8669
2461
9721
753
6495
6910
6868
1493
9326
7754
3677
463
183
238
5136
9028
385
7342
8016
482
2769
7830
9641
4434
2905
5371
6327
3957
6196
5647
8965
291
1499
8952
1227
3253
884
6356
37
6763
1194
9133
359
7964
76
6760
6254
4322
5289
2684
4529
1447
9847
6251
9425
605
6028
5573
9677
5731
8670
5849
788
9457
1918
1640
2394
8889
5800
2669
4162
3489
1243
4921
5385
5568
5806
943
9972
357
7699
5715
6198
8968
6798
6439
874
3780
9151
5478
9436
5633
1281
246
538
2037
990
2217
5471
6355
2711
2749
9513
708
9841
200
8165
8242
5003
1258
5580
870
3554
8083
9530
9378
5630
5056
5662
1690
7264
6942
2673
1344
7193
7982
7440
9359
1000
3394
2284
8084
754
4916
8405
9648
4570
9955
5523
1330
2274
2246
2603
303
6018
2217
1185
7983
4423
5297
9077
8228
3707
3144
8777
58
305
843
2881
3871
6089
1560
7916
628
3377
2891
3599
3440
3641
1807
50
5053
6311
1891
2761
6316
4399
3930
3309
8940
3996
9659
1350
8614
5557
8230
9574
6768
4751
2192
1551
2551
5946
8230
6315
7069
1985
391
40
4610
4565
88
1419
