3693
5939
8542
8845
4864
7081
8267
6250
674
5971
5049
3278
6986
130
8908
8967
9272
116
2997
6869
2958
4519
2435
3063
6441
9332
2932
6373
15
1822
1872
6925
3237
5128
7890
4206
8606
2537
5847
4787
8784
8443
9794
8408
3965
2196
1771
8540
3291
5483
7035
9587
5533
3764
79
7149
9134
9526
9566
4176
8741
8830
249
3942
9881
8424
7269
2134
9216
7483
3734
4408
379
5429
8707
5693
5823
4732
3699
2972
3089
6086
2956
5914
434
2869
5933
2375
1707
4639
1013
1028
2850
4723
1649
4886
14
7905
2112
718
3256
9103
3891
2676
1120
914
9323
3289
5485
7257
5797
9089
4572
1607
1195
6728
492
572
7721
6856
6382
5948
125
8866
7696
7946
1888
1769
194
7464
9598
8814
6298
32
4440
4820
249
8956
4649
473
5206
8906
1878
4968
1054
4010
9925
359
3229
9163
1538
3246
7886
8899
9927
2778
7501
9150
4036
4051
1956
4068
4787
8044
7148
1040
3716
4837
5752
5076
8365
3851
1108
6905
5995
567
2175
3370
99
591
1164
8885
5741
2124
8072
8197
7064
4761
2707
4595
6365
6559
4023
3622
2437
8735
8768
3208
8028
8277
7234
1884
2357
7564
6470
8349
3317
4372
8383
8308
8668
1898
1061
2599
5845
3731
2631
2558
5336
2837
1988
6024
75
2032
6101
889
8933
6081
7121
838
5676
1429
6505
4870
8721
9830
6736
2731
3299
5474
8845
8945
9536
701
9586
5328
7452
5525
3723
788
5549
8257
2853
9219
5779
9803
3425
5863
4599
3367
6575
4604
2882
117
2001
4359
1923
8393
6742
59
4431
2815
1123
9792
1690
2751
5351
1197
4929
7560
118
5455
8292
281
6305
6381
8414
4515
5404
4338
420
7542
8380
4057
5486
1991
6862
5583
5413
2149
4881
8180
3654
2500
1445
982
1683
1270
6599
4051
9577
3301
4089
9639
7897
750
9970
5749
5552
8978
4841
9440
2808
9384
3988
6871
6988
8990
3349
5272
3665
408
468
4900
7715
8839
8631
321
3073
8425
9623
4552
2112
2231
7686
5979
6260
2566
8948
7362
1878
7282
1621
2041
9583
7964
2021
7508
9500
6362
1946
7360
9509
4390
2570
6225
8726
171
1154
2838
4108
707
4759
4337
7638
1728
1368
9265
16
9986
5735
1288
267
5109
4550
7358
6742
731
7602
4591
3581
6930
2203
5869
6277
6746
1646
9361
8201
6832
7154
228
8653
8277
2829
4942
7173
4860
840
7100
9667
8615
5978
7856
5138
6760
8801
8385
6349
8371
5879
5379
1741
3687
1047
557
4948
7519
3745
2472
2644
3798
6636
745
1453
6212
549
8188
9917
1285
550
566
553
6289
7577
7844
2953
7503
4862
1604
2335
9938
4530
8111
5042
7245
3114
9392
6138
7784
7146
5348
2180
9335
9563
8217
6494
9324
4266
1440
6300
7140
4241
3909
2524
8502
6358
1497
8258
7059
5445
1794
165
6045
1424
3166
6854
7902
8460
3408
928
4674
7146
9790
3589
225
971
2424
8636
9186
7375
7292
8577
9127
9694
247
6536
4114
1959
4913
2417
7279
8884
1219
1158
5688
3800
8842
6087
9202
8594
4732
2517
9664
5012
7193
6528
6091
4309
803
127
4393
5833
2134
9275
3517
7426
9951
8454
4813
6311
4569
1629
7074
8868
9034
5079
6503
9670
6524
4426
2886
6295
7224
1899
9045
8836
2425
2651
3622
6046
4683
3869
1244
8537
7114
6242
5937
6185
2722
6836
8796
3709
6127
3406
2290
3510
4669
357
4157
3000
9087
8289
6884
1616
4134
3798
8811
6004
2532
8624
2933
3737
3864
8258
4092
6227
5502
9019
6446
6397
4851
9665
5976
545
2175
9249
8118
7152
2231
8735
8406
4930
9357
2244
8540
5765
7664
6709
5546
7971
623
4245
291
4974
8844
89
8626
5740
1983
7920
4105
6827
3664
2460
6170
2297
5704
7995
1506
6175
6533
691
3691
2779
1069
7953
9570
3704
7503
6314
2319
4852
3476
6410
147
4012
2270
6362
2589
8092
7112
3558
9956
4808
4473
449
995
3170
2420
538
7691
9923
8658
7065
1995
1353
3597
2137
7902
5566
2276
7823
5795
6418
663
955
5929
4774
4863
3489
9230
1213
9133
3239
67
3731
6192
2362
4659
364
8359
9865
6041
2575
3266
6958
9737
807
8760
8330
2034
9538
5853
8172
3025
6502
2912
3059
7071
9342
5705
8295
6387
3499
7058
7014
1822
6295
6745
7741
912
3332
3871
1562
1485
144
7209
9205
558
4155
6293
4196
9763
2040
9863
5658
2076
2740
3695
9625
4399
9262
2752
1982
3196
2329
5569
5636
9368
5560
7922
2582
2946
1306
1172
7213
9788
3055
13
9751
558
9319
7649
9684
9223
5076
3249
6274
2776
5688
8748
5820
5163
868
9163
5551
9050
6109
3123
4946
1241
7987
5728
6640
9973
3844
5406
6891
7036
4245
3450
4009
8164
4458
8654
8417
457
321
5980
8056
797
4492
4118
8517
7780
532
2515
5711
8041
3610
9247
8615
4175
2098
4680
7627
8933
106
7319
7108
164
178
9929
488
9808
7458
7143
6366
1442
4692
966
3742
9431
8179
4000
9163
31
9195
4746
3797
9906
3030
7976
9218
7205
2934
9575
9548
3392
8799
5690
2727
6972
423
4432
2597
7055
5710
4127
4585
4906
886
8943
9741
4234
8352
6870
4650
5183
7699
3410
1451
5062
4310
2925
7101
9199
3880
1507
441
547
7867
4976
5140
5318
5248
5737
5545
3003
147
6513
7956
2648
3615
7357
6788
4968
8968
8131
8163
7358
2105
5902
5809
8839
6816
6034
3239
6174
5749
5297
8690
7489
3180
5907
2880
3304
7737
334
7390
3100
7228
1813
6720
7607
6551
6292
526
8879
5749
400
5584
3283
6693
8145
3208
7519
444
7546
6745
626
2133
2575
3122
989
5965
1106
6424
1672
7410
2955
5959
6106
2620
577
3225
6840
4198
986
5955
4923
3055
1219
8577
683
6585
2395
1235
8051
4085
7325
3499
9248
4546
3236
726
3906
9814
2694
5998
3736
4070
1460
4561
1789
3603
323
7931
4482
