774
1301
180
5930
6330
1914
5197
1891
37
3246
765
1210
8756
5502
6128
8262
837
3960
4949
915
2021
8446
119
7529
485
6444
2551
5171
5748
8974
5815
13
1000
6955
1879
4935
6154
4732
5415
2000
4396
5631
3682
7767
5093
8592
7841
2388
5625
6351
257
2766
8765
2501
6572
8033
2594
4384
7987
8311
6242
724
1499
2801
2981
8911
5242
7156
2354
4246
4284
7530
8296
9506
8263
3765
9894
8156
8994
2954
7904
8820
842
9288
9407
6936
7421
3866
6417
1589
7338
6313
2128
2142
3143
99
1979
6914
3068
7800
3215
5216
9612
5244
8926
6694
1787
380
8222
610
6235
2586
2844
2916
5683
4448
6950
3522
1555
4149
8533
6521
4832
1074
1799
3298
6100
9082
7994
3236
393
2748
6995
1279
8810
7106
6612
4876
8641
8536
6693
5687
8642
6546
5367
6209
5497
4904
1841
9263
3129
9547
1137
8475
4788
6917
9060
2203
2303
4282
1196
4264
2065
5280
497
110
5354
4280
975
2762
3143
1365
1975
8211
797
3642
6558
2242
6690
3640
7162
8718
2868
1401
7922
2755
3829
5628
8927
5027
4110
2104
5340
5734
8482
5478
6757
5567
2674
9287
4163
2805
1341
8034
3722
2364
8911
4278
488
5985
890
2732
1995
5125
4673
5811
4286
9075
5993
5053
7257
9560
3843
5039
9304
1369
6650
7148
7258
2612
6893
7868
631
3774
5139
7114
5325
6123
9766
6325
8567
5257
8898
6061
4779
7647
9049
6972
9727
3557
9185
8113
3141
7251
9355
4696
430
8913
4391
1149
6717
9392
8679
2843
5648
6989
5024
8746
1111
23
4301
4790
775
1666
4399
6395
1521
6194
2005
6292
5368
1362
6416
3673
3234
7077
2117
1422
2791
9442
6590
3848
6461
3354
1222
1853
5627
767
7881
3207
9331
9097
5422
3989
9247
8145
4207
8986
6634
5684
2656
2384
5941
5127
3240
6381
3632
2987
7684
8114
7028
1420
2570
9287
8679
7359
202
5850
2840
7864
6611
7722
7745
2047
6837
7613
9280
3679
74
1595
7790
9796
6088
1457
2819
9235
2909
6143
3221
5339
6761
9553
8995
5586
9435
5896
9250
473
2326
7954
8721
6603
9810
9142
8239
3661
7651
6898
5043
9250
8237
4872
556
3212
5597
1538
6665
9905
6287
9919
2907
591
8706
5734
7155
9725
9013
7693
5052
5255
1106
3946
1811
8423
6146
3892
5939
2777
391
9672
3351
3426
5022
2812
2608
8697
154
2974
2209
5118
1262
4484
9823
6584
6138
5134
720
155
6052
5302
5775
8102
6057
4778
1381
1192
334
8573
2235
9886
6784
1828
1079
9316
4188
4744
7957
3555
5093
1759
1665
7952
7872
779
1370
76
5811
2966
2692
1705
9398
4451
9707
813
4760
6571
4995
1141
5033
973
3751
4142
3815
7166
593
5615
8428
1036
9734
9889
2863
5072
191
1453
5937
5761
2346
8484
3619
4339
4495
547
5850
1626
9729
5786
564
1946
3138
3473
2047
4282
4169
954
2782
3862
3178
7367
2112
70
3625
8719
479
2144
97
7969
8748
119
195
6006
8973
1665
3371
2769
7221
6928
7742
2502
9074
4069
5210
244
1217
4968
9111
2926
93
686
6302
4730
5767
5501
5390
8254
3326
3518
4971
909
6671
9017
7502
1121
5460
9956
504
6355
7981
7711
3497
4062
6008
9147
2620
4668
8951
3120
4074
6857
719
3898
1265
3378
3448
7074
5794
6273
8418
8515
6485
5234
5353
5549
1556
529
2195
5566
8336
5557
2486
228
2731
1805
5875
1086
1330
2548
7516
6627
9554
9647
333
6635
1366
7133
2635
8026
6280
9607
3125
8097
9006
5677
4695
2197
3318
8779
8736
9241
5596
3578
1289
4787
8849
4857
4004
6625
1293
244
3365
7440
4297
5017
8915
181
3559
7008
4083
9877
6150
4569
3085
9570
4805
158
5708
7264
7794
9989
5555
3891
9449
1936
2165
4896
6702
2577
3664
4994
7542
5059
1687
1241
888
1222
7858
9224
6357
8992
7019
3299
2906
6031
4129
3135
8813
3509
5706
7
9025
7805
6541
5782
1379
4957
6247
1034
9883
4741
8746
5371
6665
6910
275
7715
2013
7030
5946
6127
9687
6696
779
656
6807
1377
4462
4033
8838
8997
4705
1970
9764
9753
5309
9200
8650
586
2751
7648
4350
6928
592
5587
3130
8189
9877
1118
2007
3229
1087
312
6669
5662
2681
5981
8888
4919
9049
2184
998
4507
214
9239
7044
3586
9369
748
5706
1954
2988
2872
7613
6359
1731
8397
5307
5583
3299
5312
2343
8289
4417
4105
801
1580
2237
9045
423
4885
8918
7757
6754
1460
3430
3194
2948
8257
7458
6109
6695
9447
7096
1446
8375
8968
4555
7686
5876
5753
6872
8879
2109
3196
3508
178
5841
8523
4505
3393
8313
7362
9546
545
5053
5267
4507
1552
5138
4508
5257
964
2918
5906
8779
6392
2752
4484
2881
8188
3772
7071
2383
4727
3017
7434
1539
2341
3922
6160
5206
5629
514
9433
7190
3945
5405
8836
2030
4979
3237
696
6805
3501
2949
45
1492
9868
8836
3392
1078
6954
2708
9580
8460
569
3766
7275
7454
3296
1819
6324
9717
8030
5392
4939
5485
538
5805
313
1865
7004
1512
6769
7733
652
6558
5338
1730
4483
8967
1848
37
3809
880
3264
7992
1009
8444
9984
2325
6247
2408
7614
3243
3758
3191
382
4328
9733
8569
600
5580
8817
9513
6319
9821
2770
2815
4308
4176
3013
6405
7484
4439
7147
6728
5188
5758
9525
6800
4254
7551
9370
5695
5413
3444
8836
3776
9261
9800
5606
5919
7784
4788
6300
3070
804
1456
8015
3353
5084
9567
8534
383
420
4230
5111
8376
6368
7377
5822
5806
8132
4379
6788
4402
7645
1404
4595
4978
9306
9040
7610
8210
3790
2608
2122
8441
8262
1033
3849
8157
2334
5347
1753
9237
3676
823
7552
2741
8499
8024
4825
9080
6631
6002
1697
7110
555
9392
3168
2430
2231
7837
3756
1541
6329
2630
5701
6505
7962
5977
9331
4415
3983
2518
2901
3322
7553
2664
1040
